x: 0.04312121730954251
y: -0.085476227744576
yaw: -88.11267322893242
